USM00072456 20 2022 4 29 2303 390722 -956306
9.764000e+02 268 2.550000e+01 1.060000e+01 160 7.700000e+00
9.723100e+02 305 2.350000e+01 1.070000e+01 160 8.200000e+00
9.673400e+02 350 2.280000e+01 1.010000e+01 161 8.900000e+00
9.414400e+02 585 2.070000e+01 8.600000e+00 162 1.190000e+01
9.388700e+02 609 2.050000e+01 8.400000e+00 163 12
925 737 1.930000e+01 7.400000e+00 167 1.220000e+01
9.107700e+02 871 1.810000e+01 6.400000e+00 170 1.240000e+01
9.061800e+02 914 1.770000e+01 6.100000e+00 171 1.210000e+01
8.796600e+02 1167 1.540000e+01 4.100000e+00 179 1.070000e+01
8.743100e+02 1219 1.490000e+01 3.700000e+00 183 1.020000e+01
850 1458 1.340000e+01 2.600000e+00 201 8.800000e+00
8.466400e+02 1491 1.320000e+01 2.500000e+00 204 8.800000e+00
8.443400e+02 1514 13 2.400000e+00 205 8.500000e+00
8.433300e+02 1524 13 2.400000e+00 206 8.400000e+00
8.255600e+02 1703 1.330000e+01 5.500000e+00 219 6.800000e+00
8.168200e+02 1793 1.250000e+01 5.100000e+00 228 6.200000e+00
8.134200e+02 1828 1.220000e+01 4.600000e+00 229 6.300000e+00
7.879300e+02 2094 1.020000e+01 3.900000e+00 234 6.800000e+00
7.842700e+02 2133 9.800000e+00 3.700000e+00 234 6.800000e+00
7.579200e+02 2416 8.900000e+00 6.100000e+00 236 7.100000e+00
7.559600e+02 2438 8.900000e+00 6.800000e+00 236 7
7.285200e+02 2743 6.500000e+00 5.300000e+00 241 6
7.247600e+02 2785 6.100000e+00 5 242 5.800000e+00
700 3070 4.200000e+00 4.200000e+00 253 6.800000e+00
6.993800e+02 3077 4.200000e+00 4.200000e+00 253 6.800000e+00
6.941000e+02 3139 4.300000e+00 5 255 7
6.798500e+02 3307 3.200000e+00 5.100000e+00 268 6.400000e+00
6.660900e+02 3473 2.300000e+00 7.900000e+00 283 6.100000e+00
6.509700e+02 3658 7.000000e-01 7.600000e+00 288 5.200000e+00
6.451500e+02 3730 0 7.200000e+00 291 4.800000e+00
6.402100e+02 3791 5.000000e-01 6.700000e+00 294 4.500000e+00
6.187300e+02 4064 2.500000e+00 6.900000e+00 283 7.900000e+00
6.047500e+02 4244 4.100000e+00 5.200000e+00 291 9.600000e+00
6.030200e+02 4267 4.300000e+00 5.600000e+00 292 9.900000e+00
5.973800e+02 4341 4.700000e+00 5.700000e+00 294 1.050000e+01
5.775500e+02 4606 6.700000e+00 8.100000e+00 282 1.140000e+01
5.614300e+02 4826 7.800000e+00 1.230000e+01 277 1.260000e+01
5.577800e+02 4877 8.300000e+00 1.210000e+01 277 1.290000e+01
5.552300e+02 4912 8.700000e+00 1.190000e+01 276 1.310000e+01
5.341300e+02 5211 1.140000e+01 1.060000e+01 265 1.380000e+01
5.138900e+02 5506 1.410000e+01 8.700000e+00 261 1.290000e+01
5.086500e+02 5583 1.480000e+01 8.300000e+00 262 1.350000e+01
5.009600e+02 5699 1.440000e+01 1.660000e+01 262 1.460000e+01
500 5713 1.440000e+01 1.710000e+01 263 1.470000e+01
4.974500e+02 5752 14 2.080000e+01 263 1.510000e+01
4.938100e+02 5808 1.420000e+01 2.190000e+01 263 1.550000e+01
4.818800e+02 5993 1.360000e+01 3.830000e+01 264 1.570000e+01
4.754000e+02 6096 1.410000e+01 3.340000e+01 265 1.580000e+01
4.733900e+02 6128 1.440000e+01 3.240000e+01 265 1.580000e+01
4.566000e+02 6401 1.650000e+01 2.990000e+01 258 1.560000e+01
4.399000e+02 6679 1.880000e+01 2.630000e+01 266 1.560000e+01
4.236800e+02 6958 2.090000e+01 2.090000e+01 273 15
4.069900e+02 7253 2.370000e+01 1.730000e+01 274 1.470000e+01
400 7379 2.480000e+01 1.610000e+01 276 1.520000e+01
3.895800e+02 7570 2.670000e+01 1.610000e+01 278 1.590000e+01
3.869100e+02 7620 2.710000e+01 1.570000e+01 279 1.590000e+01
3.734400e+02 7874 2.950000e+01 1.420000e+01 283 16
3.621600e+02 8092 3.130000e+01 2.190000e+01 281 17
3.575500e+02 8183 3.210000e+01 2.110000e+01 280 1.740000e+01
3.435400e+02 8464 3.390000e+01 1.470000e+01 280 1.860000e+01
3.417400e+02 8500 3.430000e+01 1.440000e+01 280 1.870000e+01
3.307100e+02 8729 3.610000e+01 1.620000e+01 282 1.910000e+01
3.180900e+02 8997 3.860000e+01 1.640000e+01 282 2.020000e+01
3.113600e+02 9144 40 1.460000e+01 281 2.090000e+01
3.060900e+02 9260 4.080000e+01 14 281 2.140000e+01
300 9397 4.190000e+01 1.470000e+01 279 2.160000e+01
2.944600e+02 9522 43 1.640000e+01 277 2.180000e+01
2.927100e+02 9563 4.340000e+01 1.680000e+01 276 2.190000e+01
2.831400e+02 9785 4.480000e+01 21 272 2.260000e+01
2.724100e+02 10042 4.690000e+01 1.970000e+01 272 23
2.618400e+02 10304 4.840000e+01 2.030000e+01 271 2.240000e+01
2.616800e+02 10308 4.840000e+01 2.030000e+01 271 2.240000e+01
2.519800e+02 10555 5.040000e+01 1.730000e+01 271 2.260000e+01
250 10606 5.080000e+01 1.670000e+01 271 2.260000e+01
2.476400e+02 10668 5.130000e+01 15 271 2.270000e+01
2.424500e+02 10805 5.240000e+01 1.190000e+01 271 2.280000e+01
2.363500e+02 10969 5.370000e+01 10 272 2.370000e+01
2.334700e+02 11048 5.430000e+01 1.010000e+01 272 2.420000e+01
2.240900e+02 11309 5.630000e+01 1.070000e+01 274 2.530000e+01
2.144800e+02 11586 5.840000e+01 9.900000e+00 272 2.520000e+01
213 11630 5.870000e+01 9.600000e+00 271 25
2.049300e+02 11871 6.020000e+01 1.230000e+01 264 2.420000e+01
200 12023 6.130000e+01 1.590000e+01 264 2.420000e+01
1.967200e+02 12125 6.210000e+01 1.670000e+01 264 2.410000e+01
1.959300e+02 12150 6.230000e+01 1.650000e+01 264 2.410000e+01
1.873100e+02 12426 6.450000e+01 1.340000e+01 267 2.550000e+01
1.793800e+02 12689 6.610000e+01 9 266 2.640000e+01
1.779800e+02 12737 6.640000e+01 8.500000e+00 268 2.680000e+01
1.718800e+02 12948 6.570000e+01 9.400000e+00 274 2.870000e+01
1.647300e+02 13207 6.440000e+01 1.310000e+01 279 2.840000e+01
1.578700e+02 13468 6.340000e+01 1.850000e+01 282 31
1.547200e+02 13592 63 2.160000e+01 283 2.870000e+01
1.512300e+02 13732 63 2.360000e+01 285 2.620000e+01
150 13782 6.320000e+01 2.360000e+01 283 2.570000e+01
1.447500e+02 14002 6.210000e+01 25 276 2.370000e+01
1.384400e+02 14277 6.220000e+01 25 275 2.440000e+01
135 14432 6.240000e+01 2.490000e+01 276 2.440000e+01
1.323400e+02 14556 6.260000e+01 2.460000e+01 277 2.440000e+01
1.268100e+02 14818 63 2.430000e+01 278 2.340000e+01
1.216600e+02 15074 6.230000e+01 2.490000e+01 272 2.010000e+01
1.184300e+02 15240 6.230000e+01 2.490000e+01 267 2.170000e+01
1.165300e+02 15340 6.240000e+01 2.480000e+01 265 2.270000e+01
1.116300e+02 15605 6.270000e+01 2.450000e+01 265 2.060000e+01
1.065000e+02 15895 62 2.520000e+01 263 2.530000e+01
1.017700e+02 16175 6.270000e+01 2.450000e+01 268 26
1.009200e+02 16227 6.240000e+01 2.480000e+01 268 2.470000e+01
100 16284 6.240000e+01 2.480000e+01 268 2.310000e+01
9.727000e+01 16454 6.290000e+01 2.440000e+01 269 1.820000e+01
9.301000e+01 16729 6.380000e+01 2.340000e+01 259 1.970000e+01
9.177000e+01 16811 6.450000e+01 2.270000e+01 265 2.040000e+01
8.898000e+01 17000 6.340000e+01 2.380000e+01 277 2.290000e+01
8.516000e+01 17270 6.270000e+01 2.450000e+01 299 2.090000e+01
8.118000e+01 17565 6.210000e+01 2.510000e+01 317 18
8.099000e+01 17580 6.210000e+01 2.510000e+01 318 1.750000e+01
7.725000e+01 17871 6.320000e+01 24 341 9.800000e+00
7.352000e+01 18173 6.560000e+01 2.160000e+01 308 6.200000e+00
7.214000e+01 18288 6.650000e+01 2.070000e+01 290 7.900000e+00
7.067000e+01 18412 6.740000e+01 1.980000e+01 278 1.040000e+01
7.004000e+01 18467 6.660000e+01 2.060000e+01 274 1.170000e+01
70 18470 6.660000e+01 2.070000e+01 274 1.170000e+01
6.757000e+01 18686 6.280000e+01 2.440000e+01 289 1.030000e+01
6.668000e+01 18767 6.260000e+01 2.450000e+01 296 10
6.348000e+01 19069 6.350000e+01 2.370000e+01 291 1.120000e+01
6.034000e+01 19380 6.320000e+01 24 308 1.180000e+01
5.742000e+01 19685 6.350000e+01 2.370000e+01 317 7
5.462000e+01 19993 6.250000e+01 2.470000e+01 338 8
5.282000e+01 20200 6.250000e+01 2.470000e+01 319 5.900000e+00
5.191000e+01 20308 6.120000e+01 2.590000e+01 304 5.200000e+00
50 20540 6.090000e+01 2.620000e+01 282 5.100000e+00
4.946000e+01 20608 6.040000e+01 2.670000e+01 276 5.300000e+00
4.720000e+01 20900 5.810000e+01 2.880000e+01 286 4.500000e+00
4.504000e+01 21197 5.620000e+01 3.050000e+01 319 3.400000e+00
4.497000e+01 21206 5.610000e+01 3.070000e+01 319 3.300000e+00
4.406000e+01 21336 5.690000e+01 2.990000e+01 321 2.700000e+00
4.283000e+01 21515 5.720000e+01 2.960000e+01 326 1.900000e+00
4.061000e+01 21851 5.760000e+01 2.920000e+01 360 5.300000e+00
3.861000e+01 22170 58 2.880000e+01 14 4.100000e+00
3.677000e+01 22478 5.730000e+01 2.930000e+01 11 2.400000e+00
3.553000e+01 22695 5.840000e+01 2.840000e+01 18 1.400000e+00
3.494000e+01 22799 5.780000e+01 2.890000e+01 27 1
3.313000e+01 23135 5.720000e+01 2.940000e+01 77 1.200000e+00
3.142000e+01 23471 5.740000e+01 2.910000e+01 232 1.300000e+00
30 23763 5.690000e+01 2.960000e+01 257 3.100000e+00
2.978000e+01 23809 5.680000e+01 2.970000e+01 258 3.500000e+00
2.825000e+01 24143 5.540000e+01 3.080000e+01 279 5.500000e+00
2.766000e+01 24280 5.490000e+01 3.130000e+01 293 5.800000e+00
2.679000e+01 24483 5.520000e+01 3.110000e+01 310 6.700000e+00
2.534000e+01 24837 5.570000e+01 3.040000e+01 337 5.500000e+00
2.395000e+01 25196 5.610000e+01 30 358 6.900000e+00
2.390000e+01 25209 5.620000e+01 2.990000e+01 359 6.900000e+00
2.267000e+01 25546 5.430000e+01 3.140000e+01 21 5
2.147000e+01 25896 5.310000e+01 3.250000e+01 5 2.800000e+00
2.032000e+01 26252 51 3.420000e+01 289 2.400000e+00
20 26355 5.110000e+01 3.410000e+01 296 2.500000e+00
1.937000e+01 26562 4.980000e+01 35 307 2.700000e+00
1.923000e+01 26611 50 3.490000e+01 310 2.700000e+00
1.815000e+01 26988 4.960000e+01 3.490000e+01 274 3.800000e+00
1.715000e+01 27360 4.910000e+01 3.540000e+01 44 1.300000e+00
1.696000e+01 27432 4.870000e+01 3.580000e+01 44 1.400000e+00
1.621000e+01 27730 4.820000e+01 3.620000e+01 44 1.900000e+00
1.537000e+01 28080 4.840000e+01 3.610000e+01 13 2.300000e+00
1.454000e+01 28446 4.650000e+01 3.780000e+01 68 5.200000e+00
1.373000e+01 28827 4.750000e+01 3.690000e+01 148 6.300000e+00
1.299000e+01 29195 4.530000e+01 3.850000e+01 182 1.300000e+00
1.229000e+01 29566 4.610000e+01 3.760000e+01 278 4.200000e+00
1.163000e+01 29930 4.480000e+01 3.850000e+01 336 2.800000e+00
1.099000e+01 30311 4.430000e+01 3.880000e+01 126 4.100000e+00
1.071000e+01 30480 4.430000e+01 3.880000e+01 155 3.200000e+00
1.035000e+01 30712 4.420000e+01 3.870000e+01 199 3.900000e+00
10 30941 4.470000e+01 3.820000e+01 179 2.700000e+00
9.930000e+00 30992 4.480000e+01 3.810000e+01 172 2.600000e+00
9.760000e+00 31103 4.420000e+01 3.850000e+01 154 2.300000e+00
9.240000e+00 31473 42 4.020000e+01 213 2.400000e+00
8.770000e+00 31826 40 4.220000e+01 340 2.700000e+00
8.320000e+00 32189 3.780000e+01 4.380000e+01 226 2.600000e+00
8.160000e+00 32321 3.640000e+01 4.470000e+01 214 4
7.870000e+00 32572 3.660000e+01 4.430000e+01 206 6.700000e+00
7.430000e+00 32968 3.670000e+01 4.370000e+01 213 8.600000e+00
7.310000e+00 33084 3.660000e+01 4.360000e+01 226 7.700000e+00
7.040000e+00 33351 34 4.560000e+01 262 7.500000e+00
7 33386 3.360000e+01 4.590000e+01 9999 9.999000e+02
6.870000e+00 33518 33 4.670000e+01 9999 9.999000e+02
